image: slam_map_20251107_115717.pgm
resolution: 0.05000000074505806
origin: [-2.6301207871212817, -11.160726251902537, 0.0]
negate: 0
occupied_thresh: 0.65
free_thresh: 0.196
